name: cloud-radar
channels:
  - conda-forge
  - defaults
dependencies:
  - blosc=1.21.5=heccf04b_0
  - brotli=1.1.0=h0dc2134_1
  - brotli-bin=1.1.0=h0dc2134_1
  - brotli-python=1.1.0=py312heafc425_1
  - bzip2=1.0.8=h10d778d_5
  - c-ares=1.27.0=h10d778d_0
  - ca-certificates=2024.2.2=h8857fd0_0
  - certifi=2024.2.2=pyhd8ed1ab_0
  - charset-normalizer=3.3.2=pyhd8ed1ab_0
  - contourpy=1.2.0=py312hbf0bb39_0
  - cycler=0.12.1=pyhd8ed1ab_0
  - eccodes=2.34.1=h40b907c_0
  - fonttools=4.50.0=py312h41838bb_0
  - freetype=2.12.1=h60636b9_2
  - hdf4=4.2.15=h8138101_7
  - hdf5=1.14.3=nompi_h691f4bf_100
  - icu=73.2=hf5e326d_0
  - idna=3.6=pyhd8ed1ab_0
  - jasper=4.2.2=h6ff19ee_0
  - kiwisolver=1.4.5=py312h49ebfd2_1
  - krb5=1.21.2=hb884880_0
  - lcms2=2.16=ha2f27b4_0
  - lerc=4.0.0=hb486fe8_0
  - libaec=1.1.3=h73e2aa4_0
  - libblas=3.9.0=21_osx64_openblas
  - libbrotlicommon=1.1.0=h0dc2134_1
  - libbrotlidec=1.1.0=h0dc2134_1
  - libbrotlienc=1.1.0=h0dc2134_1
  - libcblas=3.9.0=21_osx64_openblas
  - libcurl=8.6.0=h726d00d_0
  - libcxx=16.0.6=hd57cbcb_0
  - libdeflate=1.19=ha4e1b8e_0
  - libedit=3.1.20191231=h0678c8f_2
  - libev=4.33=h10d778d_2
  - libexpat=2.6.2=h73e2aa4_0
  - libffi=3.4.2=h0d85af4_5
  - libgfortran=5.0.0=13_2_0_h97931a8_3
  - libgfortran5=13.2.0=h2873a65_3
  - libiconv=1.17=hd75f5a5_2
  - libjpeg-turbo=3.0.0=h0dc2134_1
  - liblapack=3.9.0=21_osx64_openblas
  - libllvm14=14.0.6=hc8e404f_4
  - libnetcdf=4.9.2=nompi_h7760872_113
  - libnghttp2=1.58.0=h64cf6d3_1
  - libopenblas=0.3.26=openmp_hfef2a42_0
  - libpng=1.6.43=h92b6c6a_0
  - libsqlite=3.45.2=h92b6c6a_0
  - libssh2=1.11.0=hd019ec5_0
  - libtiff=4.6.0=h684deea_2
  - libwebp-base=1.3.2=h0dc2134_0
  - libxcb=1.15=hb7f2c08_0
  - libxml2=2.12.6=hc0ae0f7_0
  - libzip=1.10.1=hc158999_3
  - libzlib=1.2.13=h8a1eda9_5
  - llvm-openmp=18.1.2=hb6ac08f_0
  - llvmlite=0.42.0=py312h534208b_1
  - lz4-c=1.9.4=hf0c8a7f_0
  - matplotlib=3.8.3=py312hb401068_0
  - matplotlib-base=3.8.3=py312h1fe5000_0
  - munkres=1.1.4=pyh9f0ad1d_0
  - ncurses=6.4.20240210=h73e2aa4_0
  - numba=0.59.0=py312h04e34b5_1
  - numpy=1.26.4=py312he3a82b2_0
  - openjpeg=2.5.2=h7310d3a_0
  - openssl=3.2.1=hd75f5a5_1
  - packaging=24.0=pyhd8ed1ab_0
  - pillow=10.2.0=py312h0c70c2f_0
  - pip=24.0=pyhd8ed1ab_0
  - proj=9.3.1=h81faed2_0
  - pthread-stubs=0.4=hc929b4f_1001
  - pygrib=2.1.5=py312h8959646_1
  - pyparsing=3.1.2=pyhd8ed1ab_0
  - pyproj=3.6.1=py312h14d93e9_5
  - pysocks=1.7.1=pyha2e5f31_6
  - python=3.12.2=h9f0c242_0_cpython
  - python-dateutil=2.9.0=pyhd8ed1ab_0
  - python_abi=3.12=4_cp312
  - readline=8.2=h9e318b2_1
  - requests=2.31.0=pyhd8ed1ab_0
  - scipy=1.12.0=py312h8adb940_2
  - setuptools=69.2.0=pyhd8ed1ab_0
  - six=1.16.0=pyh6c4a22f_0
  - snappy=1.1.10=h225ccf5_0
  - sqlite=3.45.2=h7461747_0
  - timeout-decorator=0.5.0=pyhd8ed1ab_0
  - tk=8.6.13=h1abcd95_1
  - tornado=6.4=py312h41838bb_0
  - urllib3=2.2.1=pyhd8ed1ab_0
  - wheel=0.43.0=pyhd8ed1ab_0
  - xorg-libxau=1.0.11=h0dc2134_0
  - xorg-libxdmcp=1.1.3=h35c211d_0
  - xz=5.2.6=h775f41a_0
  - zlib=1.2.13=h8a1eda9_5
  - zstd=1.5.5=h829000d_0
  - pip:
      - geojson==3.1.0
      - geojsoncontour==0.4.0
      - pandas==2.2.1
      - pytz==2024.1
      - tzdata==2024.1
      - xarray==2024.2.0
prefix: /Users/leecarlaw/mambaforge/envs/cloud-radar
